BARIUM ATOM all electron RELATIVISTIC
1000 18  1E-6  100.0  56.0  0.0  137.36
0.30  0.30  2500.0  0.00001  0.00001
1  300  0  0  0  0  0
0.70  0.0  0.0
1.0  0.0  0.5  -2400. 2.0 0.0
2.0  0.0  0.5  -400.  2.0 0.0
2.0  1.0  0.5  -400.   2. 0.0
2.0  1.0  1.5  -400.   4. 0.0
3.0  0.0  0.5  -90.0  2.0 0.0
3.0  1.0  0.5  -90.0   2. 0.0
3.0  1.0  1.5  -90.0   4. 0.0
3.0  2.0  1.5  -70.    4. 0.0
3.0  2.0  2.5  -70.0   6. 0.0
4.0  0.0  0.5  -20.    2. 0.0
4.0  1.0  0.5  -20.    2. 0.0
4.0  1.0  1.5  -20.    4. 0.0
4.0  2.0  1.5  -10.0   4. 0.0
4.0  2.0  2.5  -10.0   6. 0.0
5.0  0.0  0.5  -1.5    2. 0.0
5.0  1.0  0.5  -1.0    2. 0.0
5.0  1.0  1.5  -1.0    4. 0.0
6.0  0.0  0.5  -0.20   2. 0.0
0  0  0.0  0.0
