ROENTGENIUM ATOM all electron RELATIVISTIC
1000 29  1E-6  100.0  111.0  0.0  272.00
0.30  0.30  2500.0  0.00001  0.00001
1  300  0  0  0  0  0
0.70  0.0  0.0
1.0  0.0  0.5  -2600. 2.0 0.0
2.0  0.0  0.5  -425.  2.0 0.0
2.0  1.0  0.5  -425.   2. 0.0
2.0  1.0  1.5  -425.   4. 0.0
3.0  0.0  0.5  -100.  2.0 0.0
3.0  1.0  0.5  -100.   2. 0.0
3.0  1.0  1.5  -100.   4. 0.0
3.0  2.0  1.5  -80.    4. 0.0
3.0  2.0  2.5  -80.0   6. 0.0
4.0  0.0  0.5  -22.    2. 0.0
4.0  1.0  0.5  -20.    2. 0.0
4.0  1.0  1.5  -20.    4. 0.0
4.0  2.0  1.5  -11.0   4. 0.0
4.0  2.0  2.5  -11.0   6. 0.0
5.0  0.0  0.5  -3.0    2. 0.0
5.0  1.0  0.5  -2.2    2. 0.0
5.0  1.0  1.5  -2.2    4. 0.0
4.0  3.0  2.5  -1.5    6. 0.0
4.0  3.0  3.5  -1.5    8. 0.0
5.0  2.0  1.5  -1.0    4. 0.0
5.0  2.0  2.5  -1.0    6. 0.0
6.0  0.0  0.5  -0.75   2. 0.0
6.0  1.0  0.5  -0.75   2. 0.0
6.0  1.0  1.5  -0.50   4. 0.0
5.0  3.0  2.5  -0.10   6. 0.0
5.0  3.0  3.5  -0.10   8. 0.0
6.0  2.0  1.5  -0.10   4. 0.0
6.0  2.0  2.5  -0.10   5. 0.0
7.0  0.0  0.5  -0.25   2. 0.0
0  0  0.0  0.0
