Number of force fields:  34
General parameters
            Max        Min       Avg   
 1   50.0000    50.0000    50.0000
 2    9.5469     4.3822     9.3838
 3   56.6636     1.6725    20.7235
 4  216.4305     0.0000     8.0871
 5   12.4838     0.0000     6.7409
 6   70.0000     0.0000    42.7550
 7    1.0701     1.0053     1.0586
 8   15.0000     0.0000     5.2441
 9   12.1176     7.6280    11.9609
10   14.5067    13.3056    13.3499
11    0.0000   -70.5044   -49.1746
12    0.0000     0.0000     0.0000
13   10.0000    10.0000    10.0000
14    2.8793     0.0000     2.2865
15   33.8667    33.8667    33.8667
16   25.6125     3.5895     6.5729
17    1.1177     1.0563     1.0581
18    2.0384     1.9645     2.0362
19    6.1431     0.0000     5.9624
20    6.9290     6.6623     6.9212
21    0.3989     0.0283     0.3812
22    3.9954     0.0570     3.8482
23    0.0000    -2.4837    -1.9724
24    5.8374     4.8815     5.7600
25   10.0000    10.0000    10.0000
26    2.3276     1.8820     1.9520
27    0.0000    -1.2327    -0.9789
28    2.1861     1.7905     2.1560
29    1.5591     1.5591     1.5591
30    0.1000     0.0100     0.0868
31    5.2216     0.7151     2.1198
32    3.4807     0.6991     1.0464
33   50.0000     3.0000    43.5752
34    2.5067     1.8512     1.9060
35    0.5000     0.0000     0.3971
36   20.0000     0.0000    15.8824
37    5.0000     0.0000     3.9706
38    1.0000     0.0000     0.0294
39    6.5560     0.2807     2.0737
Atom parameters
              Max        Min       Avg   
 1    2.8000    -0.0998     1.5109
 2    5.6375     1.0000     2.3145
 3  196.9665     1.0080    27.3111
 4    4.0000     1.3525     1.9540
 5    1.1552     0.0344     0.1703
 6    1.0898     0.3000     0.8232
 7    1.9191    -1.6836     0.4110
 8    7.0000     1.0000     3.7806
 9   13.1958     7.4909    10.1449
10  100.0000     1.2523    12.5109
11    5.0000     1.0000     2.9388
12   52.9998    -5.0000    16.7183
13  139.9309     0.0000    70.2728
14   10.0000    -7.2157     4.7971
15   15.0000     5.0000     7.5888
16    2.0000     0.0000     0.7398
17    1.4703    -1.3000    -0.0019
18   35.0000     0.0000     3.0410
19  266.4838    -2.3700    94.7581
20  137.9671     0.2187    15.1381
21   78.0398    -0.0753     9.8284
22   15.9629     0.0000     3.2107
23    1.0698     0.0000     0.8343
24    0.0000     0.0000     0.0000
25   -1.0823   -24.8303    -8.7036
26    4.8298     0.8540     2.8750
27    1.0564     0.0000     1.0227
28   12.0000     1.0000     4.2132
29   13.6585     2.2632     2.9763
30    1.4000     0.0000     0.1449
31    0.2000     0.0000     0.0194
32   13.0000     0.0000     1.4082
Bond parameters
               Max        Min       Avg   
 1  300.0000     0.0000   100.7646
 2  237.5033    -0.0200    31.3555
 3  192.4388     0.0000    16.9086
 4    1.0000    -1.4899    -0.0926
 5    0.3000    -1.0820    -0.2014
 6    1.0092     0.0000     0.7511
 7   50.0568     0.0000    21.2806
 8    1.2500    -0.1336     0.4853
 9   20.8656    -0.7617     2.9128
10    1.0000    -0.8055     0.0191
11   30.0000     0.0000    10.4317
12    1.0000     0.0000     0.9713
13   -0.0093    -0.5241    -0.1161
14   15.0000     4.0000     6.6868
15    6.0658     0.0000     0.5027
16   24.4461     0.0000     0.3687
Off-diagonal parameters
                  Max        Min       Avg   
 1    0.3999     0.0100     0.1165
 2    2.5610     1.1103     1.7649
 3   13.7267     9.0050    10.7448
 4    2.5822    -1.0000     1.1047
 5    1.6848    -1.0000    -0.2828
 6    1.6595    -1.0000    -0.6389
Angle parameters
            Max        Min       Avg   
 1  180.0000    -1.3049    53.8616
 2   66.7825   -38.6522    20.2256
 3   29.3305     0.0100     3.0909
 4    0.7271   -43.7666    -0.4971
 5    5.0000    -0.6553     1.0871
 6   68.1072   -50.0000     1.7416
 7    4.6650     0.8300     1.5088
Torsion parameters
                Max        Min       Avg   
 1    5.0000    -6.6000    -0.0912
 2  150.0000   -56.0786    28.0651
 3    2.0000    -1.5000     0.2565
 4    0.0000   -25.5765    -4.3316
 5    0.0000    -3.0476    -1.2671
 6    0.0000     0.0000     0.0000
 7    0.0000     0.0000     0.0000
H-bond parameters
               Max        Min       Avg   
 1    4.0476     1.2000     1.8375
 2    0.0000   -11.7496    -3.3648
 3    4.9076     1.4500     1.9478
 4   23.0000     3.0000    13.3912
