THALLIUM ATOM all electron RELATIVISTIC, Gaussian Nuc, A and c from libtc
5000  24   1E-9   100.0   81.0   0.0
0.30  0.30  2500.0  0.00001  0.00001
1  300  0  0  0  0  0
0.70  0.0  1.0  3
1.0  0.0  0.5  -2600. 2.0 0.0
2.0  0.0  0.5  -425.  2.0 0.0
2.0  1.0  0.5  -425.   2. 0.0
2.0  1.0  1.5  -425.   4. 0.0
3.0  0.0  0.5  -100.  2.0 0.0
3.0  1.0  0.5  -100.   2. 0.0
3.0  1.0  1.5  -100.   4. 0.0
3.0  2.0  1.5  -80.    4. 0.0
3.0  2.0  2.5  -80.0   6. 0.0
4.0  0.0  0.5  -22.    2. 0.0
4.0  1.0  0.5  -20.    2. 0.0
4.0  1.0  1.5  -20.    4. 0.0
4.0  2.0  1.5  -11.0   4. 0.0
4.0  2.0  2.5  -11.0   6. 0.0
5.0  0.0  0.5  -3.0    2. 0.0
5.0  1.0  0.5  -2.2    2. 0.0
5.0  1.0  1.5  -2.2    4. 0.0
4.0  3.0  2.5  -1.0    6. 0.0
4.0  3.0  3.5  -1.0    8. 0.0
5.0  2.0  1.5  -0.5    4. 0.0
5.0  2.0  2.5  -0.5    6. 0.0
6.0  0.0  0.5  -0.20   2. 0.0
6.0  1.0  0.5  -0.20   1. 0.0
6.0  1.0  1.5  -0.20   0. 0.0
0  0  0.0  0.0
