HEM  Heme fragment with Fe(II)
   1   DUMM  DU    M      0   0   0       0.0000      0.0000      0.0000
   2   DUMM  DU    M      1   0   0       1.4490      0.0000      0.0000
   3   DUMM  DU    M      2   1   0       1.5220    111.1000      0.0000
   4   FE    FE    FE     3   2   1       2.1000    124.0000    180.0000   0.2500
   5   NA    NP    N      4   3   2       2.0800     98.0000     90.0000  -0.1800
   6   C1A   CC    C      5   4   3       1.3800    125.4000     90.0000   0.0300
   7   C2A   CB    C      6   5   4       1.4100    109.0000    180.0000  -0.0200
   8   CAA   CT    C      7   6   5       1.5100    124.0000    180.0000  -0.1600
   9   HP71  HC    H      8   7   6       1.0900    109.5000     60.0000   0.1000
  10   HP72  HC    H      8   7   6       1.0900    109.5000    300.0000   0.1000
  11   CBA   CT    C      8   7   6       1.5400    111.0000    180.0000  -0.3000
  12   HP73  HC    H     11   8   7       1.0900    109.5000     60.0000   0.1000
  13   HP74  HC    H     11   8   7       1.0900    109.5000    300.0000   0.1000
  14   CGA   C     C     11   8   7       1.5270    109.4000    180.0000   0.3000
  15   O1A   O2    O     14  11   8       1.2600    117.2000     90.0000  -0.5000
  16   O2A   O2    O     14  11   8       1.2600    117.2000    270.0000  -0.5000
  17   C3A   CB    C      7   6   5       1.4100    107.0000      0.0000   0.0200
  18   CMA   CT    C     17   7   6       1.5100    125.0000    180.0000  -0.2650
  19   HM81  HC    H     18  17   7       1.0900    109.5000     60.0000   0.0750
  20   HM82  HC    H     18  17   7       1.0900    109.5000    180.0000   0.0750
  21   HM83  HC    H     18  17   7       1.0900    109.5000    300.0000   0.0750
  22   C4A   CC    C     17   7   6       1.4100    107.0000      0.0000   0.0200
  23   CHB   CD    C     22  17   7       1.3700    127.0000    180.0000  -0.1100
  24   HDM   HC    H     23  22  17       1.0800    120.0000      0.0000   0.1500
  25   C1B   CC    C     23  22  17       1.3700    127.0000    180.0000   0.0300
  26   NB    NO    N     25  23  22       1.3800    124.0000      0.0000  -0.1800
  27   C2B   CB    C     25  23  22       1.4100    127.0000    180.0000   0.0200
  28   CMB   CT    C     27  25  23       1.5100    125.0000      0.0000  -0.2650
  29   HM11  HC    H     28  27  25       1.0900    109.5000     60.0000   0.0750
  30   HM12  HC    H     28  27  25       1.0900    109.5000    180.0000   0.0750
  31   HM13  HC    H     28  27  25       1.0900    109.5000    300.0000   0.0750
  32   C3B   CB    C     27  25  23       1.4100    107.0000    180.0000  -0.0500
  33   CAB   CY    C     32  27  25       1.5100    126.0000    180.0000  -0.1300
  34   HV2   HC    H     33  32  27       1.0800    120.0000      0.0000   0.1500
  35   CBB   CX    C     33  32  27       1.3300    120.0000    180.0000  -0.3000
  36   HVC2  HC    H     35  33  32       1.0800    120.0000      0.0000   0.1000
  37   HVT2  HC    H     35  33  32       1.0800    120.0000    180.0000   0.1000
  38   C4B   CC    C     32  27  25       1.4100    107.0000      0.0000   0.0200
  39   CHC   CD    C     38  32  27       1.3700    127.0000    180.0000  -0.1100
  40   HAM   HC    H     39  38  32       1.0800    120.0000      0.0000   0.1500
  41   C1C   CC    C     39  38  32       1.3700    130.0000    180.0000   0.0300
  42   NC    NP    N     41  39  38       1.3800    124.0000      0.0000  -0.1800
  43   C2C   CB    C     41  39  38       1.4100    127.0000    180.0000   0.0200
  44   CMC   CT    C     43  41  39       1.5100    125.0000      0.0000  -0.2650
  45   HM31  HC    H     44  43  41       1.0900    109.5000     60.0000   0.0750
  46   HM32  HC    H     44  43  41       1.0900    109.5000    180.0000   0.0750
  47   HM33  HC    H     44  43  41       1.0900    109.5000    300.0000   0.0750
  48   C3C   CB    C     43  41  39       1.4100    107.0000    180.0000  -0.0500
  49   CAC   CY    C     48  43  41       1.5100    126.0000    180.0000  -0.1200
  50   HV4   HC    H     49  48  43       1.0800    120.0000      0.0000   0.1500
  51   CBC   CX    C     49  48  43       1.3300    120.0000    180.0000  -0.3000
  52   HVC4  HC    H     51  49  48       1.0800    120.0000      0.0000   0.1000
  53   HVT4  HC    H     51  49  48       1.0800    120.0000    180.0000   0.1000
  54   C4C   CC    C     48  43  41       1.4100    107.0000      0.0000   0.0200
  55   CHD   CD    C     54  48  43       1.3700    127.0000    180.0000  -0.1100
  56   HBM   HC    H     55  54  48       1.0800    120.0000      0.0000   0.1500
  57   C1D   CC    C     55  54  48       1.3700    130.0000    180.0000   0.0300
  58   ND    NO    N     57  55  54       1.3800    124.0000      0.0000  -0.1800
  59   C2D   CB    C     57  55  54       1.4100    127.0000    180.0000   0.0200
  60   CMD   CT    C     59  57  55       1.5100    125.0000      0.0000  -0.2650
  61   HM51  HC    H     60  59  57       1.0900    109.5000     60.0000   0.0750
  62   HM52  HC    H     60  59  57       1.0900    109.5000    180.0000   0.0750
  63   HM53  HC    H     60  59  57       1.0900    109.5000    300.0000   0.0750
  64   C3D   CB    C     59  57  55       1.4100    107.0000    180.0000  -0.0200
  65   C4D   CC    C     64  59  57       1.4100    107.0000      0.0000   0.0200
  66   CHA   CD    C     65  64  59       1.3700    127.0000    180.0000  -0.1100
  67   HGM   HC    H     66  65  64       1.0800    120.0000      0.0000   0.1500
  68   CAD   CT    C     64  59  57       1.5100    124.0000    180.0000  -0.1600
  69   HP61  HC    H     68  64  59       1.0900    109.5000     60.0000   0.1000
  70   HP62  HC    H     68  64  59       1.0900    109.5000    300.0000   0.1000
  71   CBD   CT    C     68  64  59       1.5400    111.0000    180.0000  -0.3000
  72   HP63  HC    H     71  68  64       1.0900    109.5000     60.0000   0.1000
  73   HP64  HC    H     71  68  64       1.0900    109.5000    300.0000   0.1000
  74   CGD   C     C     71  68  64       1.5300    109.4000    180.0000   0.3000
  75   O1D   O2    O     74  71  68       1.2600    117.2000     90.0000  -0.5000
  76   O2D   O2    O     74  71  68       1.2600    117.2000    270.0000  -0.5000
